Alpha is not found  The q: 0.333333
W0 = 52695.582031
W1 = 18045.968750
W2 = 80.000015
